227801
7321
281
2424
1877
17909
250
3225
2292
13924
2024
4243
2110
16400
2055
4347
228
15604
2431
4701
2386
24817
442
5032
2758
27924
3144
5431
2676
29124
338
2382
266
18937
329
3875
2139
42073
2134
4569
1926
26063
14202
2895
329
18682
1938
4572
1934
30619
411
16175
2383
5557
2697
35113
2804
23124
450
3720
447
22793
232
10344
11441
3049
5657
2317
31734
367
5056
2807
27154
3271
5986
3388
27392
3021
5595
2757
28786
2687
5698
2662
25948
3309
22368
269
3744
386
33452
97
151
70
1659
140
85
1428
171234
5988
11932
4140
75415
4716
9406
5063
34410
323
8009
373
27716
7258
12674
7630
42020
691
9542
7801
39698
290
8736
6678
33449
248
8059
255
34177
7186
12014
7554
39670
246
8683
6656
33580
325
9211
6624
36281
4155
8070
4284
30259
252
6190
4480
26669
293
6730
5202
29926
7651
6119
31495
250
8969
6865
33330
7423
13366
7911
40909
277
10335
8803
33681
8804
13852
8074
45968
272
12659
7518
42011
340
11420
6579
35122
19442
5354
5839
9923
5252
37471
312
7916
4335
27055
3928
6894
3546
27589
323
4648
1526
16173
3435
6224
290
24696
452
7040
4302
25791
4702
9865
6542
27863
8555
7605
31439
327
11011
10217
32365
12022
13814
411
32792
28031
3777
2341
996
146555
16399
451
3502
1890
20767
1680
4005
1731
18506
1908
4109
1362
23194
1332
3076
1337
18970
1613
17401
295
2862
315
17351
1987
4678
1916
22616
361
4442
1767
24208
2043
4613
1839
25946
398
3037
1836
23514
372
4446
1958
22670
2305
3452
271
29731
1992
5021
1906
28911
1823
4419
1728
27779
338
4273
1931
21992
330
4720
2006
19767
225
3267
2106
20171
3282
2369
22955
219
3504
2346
21208
1996
19186
230
4090
2189
22558
3512
2325
22095
334
3810
2369
23640
326
2888
238
22068
209
4599
130959
1581
7053
146193
132
22360
18096
67801
7527
9411
4141
35340
4675
9061
4520
38907
4560
23215
271
6683
5504
27340
4913
23751
359
6940
343
22057
6505
5168
28006
243
6922
5674
26924
262
9306
5713
27168
7323
5646
29331
7420
5902
9804
5393
32337
5021
7152
3431
33306
384
4398
3501
21105
301
6893
3795
22364
3868
19754
7142
4984
9945
5396
33249
8172
6578
36468
7534
7467
14203
8184
40389
341
13707
8355
34213
8227
14155
8855
52476
297
12495
7603
36822
8640
6811
34783
290
7731
6190
30877
6760
5113
29621
544
5995
4214
28463
326
6632
3510
23497
1554
5443
1888
24692
334
6386
3970
20513
3642
6681
4489
28543
553
24575
409
8729
7704
30986
8057
30209
466
12844
483
35118
9732
11790
47968
439
7712
3554
38402
3903
7860
4269
30566
256
5991
4785
29492
5589
9768
5256
51871
394
33295
13921
188
51
6577
201
234
49
2285
51
74
37
695
206
157
40
26382
167
194
139
1927
38
78
35
597
181
21111
7027
61098
4467
8581
4623
32579
5217
10587
5286
33396
18331
5893
6182
30637
256
9315
7489
33876
8528
15794
8304
47704
8167
33739
299
11194
8886
39926
11103
8878
42654
250
10742
8578
41396
10747
8902
6875
36125
580
6047
29051
5411
5737
9880
5331
40999
20303
512
6251
4067
37233
3639
5422
959
26991
1012
3958
1554
15848
3385
6056
3687
20685
3275
17444
279
5681
5054
21202
6255
24750
181
408
10438
155362
9646
9026
43504
325
145
4097
200
575
230
24902
177
18185
9870
36770
9602
17278
129285
5965
2076
17125
478
2845
1254
22483
1814
1129
14866
379
1713
1022
13759
867
14998
544
2039
1269
19624
1700
4319
1854
40795
536
2464
378
19051
1853
3867
1544
25272
2241
1517
21925
391
2311
1518
21962
1726
3752
1528
28892
381
2795
1657
25076
384
2912
1926
23903
1851
4059
1665
28662
352
4358
360
27156
1707
22668
459
3163
2056
27680
2223
5298
2293
30672
2106
24048
530
3663
518
44099
289
7077
424
33317
280
4294
2576
26748
2788
6557
2153
37532
2408
5546
2367
35895
449
6620
2794
32861
2425
26312
230
4254
2769
30644
3256
2152
23952
249
2871
2310
23007
3940
2948
30933
401
2979
277
33032
4519
3818
40090
308
5126
3296
31226
3058
27269
320
4879
2932
29669
2465
6391
2695
33764
5207
3796
35966
278
5709
3950
33755
5722
3863
35707
244
5720
3974
33644
4514
3588
37208
293
4487
358
22943
234
3887
2485
23075
2598
5995
2768
29243
2688
6260
2539
28196
3401
2320
27042
297
4098
2627
25899
2509
21349
290
2524
218
18143
364
2731
212
23195
517
198
14007
262209
7936
4168
56063
182
12550
14818
19373
28918
16191
17250
16458
12287
1157
1583
187
15924
869
13409
182
10621
8850
9257
10324
1899
4322
2212
35123
303
12160
10037
185
9410
2233
4558
2184
18349
185
8853
2236
4847
2348
16889
2323
13745
192
3599
2591
14872
8615
169
8926
8740
1936
12134
200
2802
1806
12564
2301
3280
297
14409
87
63
278
191373
12880
12710
5260
62919
6870
5600
30640
241
8121
6077
31060
6179
11904
6608
36896
7904
6559
34534
180
7927
6104
33463
118
267
6540
28650
6538
11809
6971
35868
8694
6971
34786
304
8435
6582
33613
7750
5749
34726
256
6051
4173
26226
4956
4090
23943
241
5842
4365
26207
203
6116
4582
25032
6632
5279
32120
273
8417
6280
34246
402
9340
7050
31653
7408
13204
7708
37509
7416
29291
369
7450
36569
8174
8265
14257
7841
45771
22844
5531
7234
12483
6390
48107
5951
9905
5421
35692
4795
39921
294
4766
3320
23704
19953
13294
383
2560
328
16792
333
5872
5048
22306
349
7663
4305
20771
4316
8160
5258
25678
5900
8865
5058
25062
329
5965
3309
20815
5439
3975
24969
430
6517
4775
40422
6684
298
6864
5954
28501
6162
10887
6254
32601
6436
11412
6406
33917
6669
30301
288
9027
7060
39760
6843
10675
6220
36044
286
8830
5117
29072
324
5934
4056
33519
3271
19999
322
5059
3900
22046
5296
4055
24864
5631
4296
8825
4841
28544
5237
10362
5776
34443
353
11071
7061
31646
221
8931
7312
29902
9133
7281
34250
256
8866
6924
33462
7211
11003
6037
47555
7754
373
27772
8830
340
7673
7565
39320
5473
26682
534
5163
2811
26788
2477
5205
3092
16988
2997
6326
3488
22331
217
5165
4065
23789
790
6400
4512
29479
5102
9235
5433
30290
251
7259
6048
28431
6071
10273
5944
34230
277
8886
5329
28341
6091
4206
28060
172
3736
8115
127432
314
3619
237
16666
3960
7066
137
24194
328
7567
4471
27830
4760
8888
4959
29732
23704
8667
7181
13017
7603
41563
6802
7978
13883
8175
39374
10054
8124
39629
247
9298
7468
36184
6445
10887
6141
39934
281
7298
5500
31980
225
8853
4587
41346
3891
6744
3233
28933
650
3051
23363
1289
3906
373
16859
3835
18589
476
3156
277
23000
3745
7032
3588
24595
3687
7284
4159
25534
4904
9292
4953
32104
5044
24516
296
5551
26662
447
7671
5866
30635
259
8699
6456
30301
294
11295
6848
34474
7528
13193
7723
39283
23191
5481
6686
11003
5819
39837
6446
3473
5485
5553
300
32373
4657
8494
3969
25733
4115
8653
4449
28508
5680
5155
10232
5691
30099
8225
6480
32773
266
9234
7663
32731
3999
1933
793
251
142807
217
244
12488
5406
6029
6450
474
2858
150602
44
6837
252
24398
458
2598
1347
17884
2988
2245
17552
326
3719
2929
15175
3198
5846
3289
20043
4726
3554
27785
429
5074
32439
649
23687
358
9904
473
35748
268
12144
340
42210
365
7908
6005
29072
5273
8508
4498
28581
4702
3361
24953
6682
3959
7680
4572
31756
4197
8356
4422
29051
6520
449
24005
4641
7525
5893
31110
3930
19313
4642
7002
13485
8052
40170
260
12311
7631
35286
8547
6968
32152
304
8694
6341
35185
5590
25963
573
7126
5396
28973
5015
8293
4487
30263
327
6900
3796
27067
5392
3765
27263
10938
1372
22238
4607
2290
6079
3221
22093
4812
3791
20148
385
5355
3860
22105
16259
382
7378
6369
27055
20352
3298
7630
30636
477
9367
30435
384
15457
9380
34439
8533
13705
8932
34509
349
11624
9708
33366
8794
13475
7312
27241
5054
17579
2934
127211
9434
1061
14783
546
1443
265
18099
1762
3346
1154
18710
1113
2542
943
18348
384
2482
1071
20983
1901
3981
1522
46686
524
1760
323
21261
2645
1617
18932
290
2105
1371
14596
1305
13901
304
2106
275
20000
2332
1598
15619
266
2989
1472
18551
1717
3711
1689
24010
427
3109
1215
20989
415
2360
276
24918
235
261
67
3566
5990
234224
147
16167
490
62150
251
14538
8258
2390
38535
17181
1156
883
9852
263
461
1088
16135
1148
2442
1013
16966
267
2377
236
10018
1416
3520
1523
12828
1824
4223
2006
13896
3889
2704
13697
212
10064
9943
33530
24708
27307
37659
159
20737
168
43860
6601
13796
8776
49449
6810
10366
4222
36548
3387
24099
463
4056
2543
23005
381
3667
2772
20453
408
5796
3046
23363
3500
4890
276
24553
2464
4993
1507
15621
1592
1248
11703
279
1339
253
8086
5362
656
1599
334
13043
4071
24213
283
54694
179
23072
15654
54593
12230
20380
11476
45753
11127
19210
10940
46577
10802
17971
9887
50062
303
9675
207
32825
11576
9858
48855
287
11012
8514
36301
7739
37198
324
379
381
3949
1915
7388
151
83760
1643
2128
1242
28154
455
2043
1384
15246
252
1507
235
7191
1760
4378
223
10371
2819
2371
10550
218
2873
2430
10326
140
3429
2615
107831
432
4635
2712
19335
281
342
151
2359
90
247
213
6914
4513
6108
2716
22339
271
457
122
9936
50033
175
17224
8621
64358
193
12343
6340
34420
5907
34683
403
7555
6005
36896
266
9329
5708
25926
4509
7892
5096
28500
492
8032
277
20643
193
7859
4757
62862
4024
6552
3274
44814
4653
2896
24199
4815
552
4203
1770
25998
1956
2435
1604
36808
1876
310
12251
1772
3060
271
11348
1807
8887
203
5812
2125
76337
1737
16237
6250
8252
1478
28808
1428
2674
1592
13912
113
2799
178080
160
2482
1349
10549
1158
2200
198
6663
1807
1514
8028
181
9147
7661
33277
331
12663
7963
33800
7836
28176
23179
1649
8745
38900
437
23480
239
12798
399
32867
10114
7509
33341
249
159
23848
19523
191
12574
8248
34962
204
8956
6310
30489
334
8440
6521
29149
5400
2113
192
25269
2428
7844
271
25857
7760
6186
35431
362
1919
1502
20278
5954
4148
19829
1206
24995
20903
38644
15667
24132
15645
41225
18049
14122
42297
289
16153
12481
40651
386
25692
270
12256
32109
310
11256
33692
19681
23362
2380
19325
22168
196
9458
9924
33714
331
8998
27723
4075
8419
12204
7104
36023
7208
28923
7295
8327
7442
44821
315
6831
2086
42958
11194
2105
11073
383
2656
1814
10492
1559
2948
1361
10766
278
2203
1645
10994
534
3495
341
19238
2815
2223
13774
301
3676
290
13289
2878
15293
253
6598
4963
21039
2883
7482
10950
6961
27206
7929
28613
155
526
11326
32103
7652
15765
11455
32188
9266
12154
402
32622
6598
26013
332
15092
8787
45209
111
381
9025
32373
8765
7114
32633
466
24710
191
787
223
29346
31237
197
12958
530
6272
3690
22312
397
4929
440
14183
4380
18850
9171
3902
3034
23053
310
10509
8533
28658
27871
414
11468
397
32047
11781
18880
440
41243
29188
157
510
10961
31648
347
14191
8957
40022
27810
5407
28639
578
10577
7307
45342
2845
19586
4250
2780
5842
4952
32557
5712
25169
14681
5121
6214
25628
468
11664
162667
7812
485
21885
4856
7862
3430
25182
470
4519
17767
486
8459
6439
32926
427
7992
6893
32178
6860
10617
4789
25007
5864
4237
25111
375
5374
3456
21176
4416
7887
3719
23617
12813
406
4782
340
17398
551
10113
7745
29284
8131
253
124
35714
157
219
81
1373
136
594
321
16706
267
23621
17350
42721
18167
13405
52515
117
327
11248
27983
11942
16490
10491
37981
9710
34220
301
9885
8243
32261
6858
10915
5697
32830
3908
21891
580
12989
10200
33281
19230
10972
8584
28090
9820
7833
28828
19067
6077
6580
12402
6612
33873
7285
22665
7761
3989
6912
2129
48833
23563
1015
6673
27936
8396
3528
20529
554
3507
17865
563
2304
20553
342
2642
1726
13858
1769
3299
1316
14454
658
1932
319
26360
342
3932
2333
16557
344
286
102
12042
293
3464
354
14381
333
8912
44909
169
493
98
55437
613
15473
373
44096
457
6580
4453
24718
462
12991
3675
3241
22720
346
3988
19763
459
7502
4640
32864
4648
285
115
25013
877
6530
313
47159
199
518
5751
29990
481
9244
10148
46137
530
11198
6331
40260
5146
7879
3335
38918
480
4453
309
24510
5562
9081
383
55282
4152
436
238
28018
578
6865
409
36837
14440
19345
39181
