227801
12493
388
3147
2440
24782
301
4146
2820
18651
2839
5562
2831
21095
2807
5420
262
21603
3306
6023
3268
32027
476
6261
3497
26812
3907
6310
3303
36384
475
3056
292
25529
325
4927
2685
54978
2894
5549
2737
32896
18639
3583
404
24698
2360
5561
2360
37452
446
20881
3170
6746
3363
42286
3818
28144
543
4821
491
27979
276
12008
13865
3728
6708
2962
39158
375
6105
3420
30736
3977
7168
4004
33176
4083
7478
3801
34111
3593
7584
3727
31074
4203
25497
233
4663
384
41239
253
287
199
4132
247
242
2908
195969
7647
15179
5295
87765
6347
12053
6444
42211
333
10241
384
33592
8424
15221
8771
47521
928
12128
9881
49331
288
10437
7994
40065
232
9724
244
40561
8866
15004
9148
47810
287
10187
7907
38478
277
10865
7834
42295
4930
9690
5185
43628
212
7347
5551
31990
233
7606
6130
30922
8664
6873
38863
287
10689
8358
38583
8887
15685
9380
47919
271
12529
10440
40554
10083
15973
9322
52531
336
14483
8537
44032
391
12339
7013
36847
28972
10105
7397
12273
6791
47093
299
9722
5476
31419
5076
8583
4473
36347
397
6151
2337
21795
4593
8477
277
27189
526
8422
5319
31172
5737
11646
7735
39677
11689
10237
42144
291
14959
13547
42697
15502
18471
433
40673
28789
6412
4039
1479
169971
19179
511
4744
2485
25116
2258
5232
2269
22867
2467
5282
1828
29892
1688
3929
1720
20783
1890
23198
308
3667
356
20410
2589
6092
2499
28129
419
5817
2344
28318
2688
5994
2460
30934
320
3793
2316
27217
409
5474
2390
27403
3166
4478
318
35561
2526
6125
2412
33545
2520
5731
2223
34147
370
5516
2492
26336
347
5782
2446
22773
240
4087
2691
24755
4206
3054
27770
253
4706
2948
25933
2783
21982
220
5326
3014
29022
4484
2898
26835
295
4974
3237
24832
402
3421
283
26870
215
5538
146249
1816
8079
165464
100
28418
22419
81767
9330
11810
5440
41952
5916
11172
5634
50947
5439
27518
245
8106
6626
32697
6277
30395
457
9072
409
28597
8424
6695
34838
273
8889
7130
33517
315
11974
7354
35825
9716
7669
40924
5422
6775
11172
6222
36644
5879
8913
4168
42936
397
5675
4317
24806
304
8246
4509
26552
4633
28220
7006
5939
11969
6539
38879
9729
7841
40274
10851
9062
17074
9889
47565
289
17054
10318
41450
10368
18032
11241
68047
299
15465
9305
43809
10571
8399
42096
265
9772
7585
37433
8246
6146
35337
575
7354
5116
33050
302
8412
4490
30333
1955
6964
2497
25494
352
7317
4471
23338
4170
7505
5255
33299
417
22178
383
9213
8141
33857
9296
35705
438
14670
517
40741
10687
12900
48804
482
8091
3673
44414
4564
9069
5010
35893
314
7638
5806
35396
6904
11944
6407
65112
364
38386
18139
263
161
8950
304
318
183
3370
82
144
54
1149
205
205
67
31069
227
245
199
2735
54
97
35
765
124
26818
9201
75175
5661
11556
6217
36348
6561
12989
6437
41767
23832
6109
7583
36326
226
11330
9164
39937
10292
19166
9942
58180
9827
40162
305
13509
10619
46811
13349
10865
49766
286
13310
10470
48478
14002
11253
8727
44191
758
7501
36747
8050
7062
11912
6626
48296
23318
476
7302
4637
46558
4366
6484
1101
31150
1199
4636
1664
22620
4226
7510
4576
24996
4029
21564
254
6925
5892
24858
7435
33462
139
521
12204
175988
11893
10858
53060
336
241
4285
221
657
191
29423
167
21217
11563
43264
11109
20296
143180
8554
2645
22185
543
3611
1713
29041
2320
1445
17607
385
2149
1310
17169
1083
17646
563
2590
1481
23209
2060
5254
2291
54024
616
3300
441
27048
2387
4870
2094
29929
3022
1897
27727
392
3111
2004
27021
2319
5392
2128
34110
394
3941
2417
30050
402
3810
2654
28714
2411
5379
2073
34020
372
5494
349
33562
2283
26257
448
3861
2590
32312
2668
6186
2740
34728
2787
28949
561
4777
591
50599
276
8991
501
40413
296
5719
3411
32278
3278
7900
2825
44890
3093
6940
2974
42803
445
8313
3701
41271
3353
31212
279
5532
3400
36279
3624
2363
26833
254
3591
2944
25811
4893
3558
35601
450
3789
289
40300
6222
5240
48781
395
6987
4542
39744
3965
34302
282
6974
4368
36266
3738
8773
3870
37530
6430
4660
41641
216
7321
5184
39217
7204
5140
41226
284
7259
4928
39399
6152
4905
45540
285
5256
357
26390
248
5468
3476
29510
3568
8531
3735
36508
3670
8186
3510
33573
4667
3104
30554
278
5149
3326
28363
3135
26946
293
3572
185
25202
344
4032
240
24843
543
185
14029
287747
9648
5104
64155
188
15030
17543
23231
33862
20781
20033
19725
17431
1578
2396
207
22636
1458
14686
176
12079
11358
11195
12570
2472
5565
2940
46787
289
14662
12388
190
10998
2681
5441
2659
20683
181
11028
2657
5556
2843
19300
2632
14721
196
4069
3003
18036
11427
163
10645
10496
2428
14617
244
3595
2275
15465
2873
4024
333
18103
243
92
3062
218887
15926
15815
6856
74986
8880
7146
38042
212
10040
7663
36301
7983
15080
8264
45262
9475
7606
39550
173
9530
7430
38735
146
283
7858
35853
7681
13821
8199
41535
10374
8341
42011
324
10494
8203
40915
9772
7075
41382
266
7250
4893
30580
6173
4823
30377
290
7361
5574
35296
220
7432
5616
30324
8062
6489
36018
294
10138
7220
40235
558
10988
8496
38120
9218
16228
9423
51488
10026
40223
364
10011
44601
9015
10334
17320
9651
54750
27141
7332
8934
15362
7882
57225
7070
12072
6620
40762
5666
48704
365
5997
4207
30097
22185
13236
370
2853
304
17726
295
6603
5618
24101
325
8355
4759
23706
5208
9861
6309
31073
7252
10778
6230
33288
268
8157
4360
26898
6916
5301
30466
419
8584
5992
48894
7165
322
8804
7244
35009
7329
12972
7574
38339
7539
13401
7605
39455
8034
36303
242
10971
8728
41598
7768
12468
7111
42213
304
10470
5956
33679
390
7197
4865
40875
3744
29508
230
6604
4856
27565
6646
5119
30695
6020
5103
10344
5692
33081
6351
12362
6833
42764
285
14365
8889
44478
206
11745
9480
38447
11932
9705
45095
275
12342
9374
44580
8277
12689
7136
55483
9131
395
35732
12019
434
9605
9082
47760
6751
31573
521
6461
3443
30783
3046
6403
3542
20156
3817
7730
4105
29693
244
6517
5202
26512
984
7436
5201
36942
5950
11226
6447
36144
262
8477
6883
32403
6889
11540
6863
38273
263
10301
6104
37706
7535
5350
33807
197
4661
9631
148136
277
4503
184
21160
5095
8970
142
30966
361
10054
6099
39236
6257
11569
6670
37284
24611
11222
8414
15803
8972
48842
8779
9636
16731
9798
46647
12000
9642
46869
268
11318
8923
42556
7920
13358
7380
47240
269
8826
6625
37449
234
10111
5178
48507
4447
7704
3812
32213
557
3472
23692
1650
4539
357
21504
4538
22134
442
3771
281
24246
4114
7894
4056
32814
4880
9689
5443
30735
5746
10661
5775
36829
6110
32496
295
7084
31250
449
9309
7061
36567
259
10636
7744
36124
308
13946
8256
39546
8780
15448
8753
46767
25636
6950
7500
12134
6409
44330
9126
4950
6555
6956
373
42931
5647
10522
5016
31560
4992
10330
5276
32023
8163
6745
13132
7269
38171
10510
8138
38680
309
11065
9143
38559
4448
2967
882
299
156657
236
257
13559
7159
7152
7558
551
3536
168151
63
8896
270
32023
405
3320
1835
21474
3688
2840
24269
436
5388
4143
23200
4568
8575
4723
28123
6761
5119
32672
332
6307
38246
673
28500
391
11784
498
41401
238
14360
343
49691
407
9369
7097
34648
6342
10152
5461
34203
5650
3984
26308
11191
4957
9830
5578
40489
5404
10839
5560
37362
8212
432
28800
4255
8140
6660
34209
6461
23705
4993
8344
16061
9376
48252
325
14964
9344
41980
10361
8432
38277
290
11402
7892
47015
6943
32209
644
9320
6871
36671
6447
10796
5721
38735
330
9021
5099
31339
6041
4440
29114
15139
1699
27138
5283
2631
7347
3970
26030
5911
4640
24586
409
6567
4621
27488
22496
383
9395
7850
32463
22394
3866
9052
36569
445
10834
34364
394
17267
10720
40102
9808
15863
10142
41115
374
13739
11661
41667
10476
16462
8665
32219
5845
19329
3657
137273
11857
1402
19773
589
1923
252
22879
2427
4570
1591
23998
1418
3296
1323
21438
391
3236
1269
25176
2280
5064
1968
56016
474
2149
298
23578
2935
1817
20919
303
2683
1770
18063
1709
16565
267
2558
347
20183
2878
1939
19537
286
4034
1979
22284
2123
4488
2195
27231
391
4104
1593
24491
423
2980
289
28336
278
307
88
3723
6056
257482
140
19704
518
73676
222
17399
13310
3430
51350
24400
1740
1274
13598
309
475
1631
22764
1541
3525
1497
20015
231
3276
247
11946
1873
4501
1941
15903
2321
5083
2439
15484
4505
3099
16430
233
11577
11880
38917
30067
33248
51213
205
25190
171
53663
8022
17203
11033
68164
9088
13813
5725
50331
4062
28446
511
4854
3266
29386
483
4828
3497
26622
463
7428
3875
28510
4200
5876
297
28793
3000
5892
1935
18668
2022
1520
14274
271
1608
252
9880
6531
798
2090
405
12286
4852
27899
284
61173
211
26246
17946
61554
14046
23266
13211
51814
12569
22222
12510
52394
12297
20871
11550
55912
300
11168
271
37442
13466
11554
56043
281
12783
10129
41023
9005
42263
378
462
330
6060
2869
10246
181
97218
2224
3062
1736
35192
533
2691
1779
20341
241
1866
224
8343
2103
5153
256
13606
3292
2749
12479
204
3385
2987
12179
183
4078
3322
128113
407
5512
3276
22504
336
393
119
2700
107
294
221
8539
5854
7688
3496
40489
272
398
107
14590
77577
117
23223
11395
77015
169
15746
8264
40203
7483
43304
386
9193
7380
43162
314
11055
6966
30699
5380
9906
6343
32131
421
9001
251
24335
243
9796
5812
72715
5035
8390
4088
55701
5316
3445
32132
3662
455
4686
1844
31271
2149
2808
1838
49680
2257
367
14685
1975
3548
306
12583
2123
10638
206
7629
2736
106162
2098
14134
7605
10037
1819
35017
1697
3310
1897
16559
143
3518
209507
185
3293
1777
13346
1615
3009
224
8195
2231
1783
9632
181
11197
9357
40625
246
15830
9673
41313
9527
34457
28751
2881
11437
50106
507
28463
277
15629
396
40149
12283
9263
40913
332
175
29136
24414
247
15378
9905
43121
211
10928
7704
37806
424
10364
8128
35657
6756
2449
180
31188
2862
9487
272
31221
9632
7613
42836
376
2389
1779
25147
6846
4950
23718
1793
29887
25041
45780
17524
26551
17408
48696
21825
16874
50516
274
18828
14836
47031
379
28920
399
15067
43391
235
13932
36748
22813
26493
4123
23834
26671
167
11499
11950
39050
372
10783
33235
5602
9970
14360
8365
42110
8530
34035
8687
10340
9406
62451
330
9000
2651
54326
10074
2600
14380
455
3312
2308
13416
1955
3700
1759
13253
277
2770
2168
11762
487
3988
341
28388
3177
2597
16438
331
4474
306
16636
3852
18755
297
8492
6218
27307
2561
8741
13105
8420
32179
9437
33875
172
612
13758
38292
9061
18636
13279
38061
10999
13951
531
38058
8102
32051
381
18140
10363
54961
154
469
11283
40222
11402
9342
43104
560
30243
152
646
282
36478
37206
126
14839
552
7498
4467
26437
420
6113
507
16973
4935
21445
11640
4487
3795
26927
329
12742
10210
34779
33464
481
13918
546
40299
14345
22719
559
49267
35173
150
535
13058
37898
449
17248
10896
47509
33404
6625
34340
469
13147
9205
54224
3473
24091
5348
4123
8888
6735
49635
8116
36594
12869
5518
6744
28123
502
14201
184280
9812
496
26778
6136
10080
4313
31790
511
5839
21796
383
9972
7716
41318
400
9250
7899
35114
8147
12403
5723
30399
6748
5070
29650
407
6452
4177
25620
5258
9279
4500
27954
15258
431
5837
291
20888
575
12146
9211
35979
9650
247
117
42322
180
266
101
1902
127
539
352
19137
264
27072
19894
49175
19960
15091
58809
126
343
12926
32475
13477
18972
11980
43406
11038
39153
291
11573
9404
37143
10152
13100
6919
39200
5275
24959
624
14820
11900
37978
23408
13213
10386
32903
11888
9449
34401
23612
7645
8833
16000
8539
42714
8484
27483
8606
4421
7911
2473
56289
27340
1024
7648
32673
13891
4554
28561
701
4532
23492
623
2959
24614
396
3245
2138
16432
2208
4079
1586
17047
512
2401
322
32496
386
4753
2846
19835
371
303
115
14498
308
4104
440
17038
310
10932
56529
148
467
132
67222
623
18340
513
53096
506
7950
5361
29435
434
16143
4586
4014
27956
393
4836
23251
444
8836
5466
35261
5433
335
139
28031
892
7332
331
56074
227
581
6873
35277
453
10740
11647
55697
493
12127
6896
45900
5800
8858
3841
44658
567
5230
291
28929
6570
10701
422
68018
4986
434
256
31998
589
8260
430
42728
16758
23174
46070
